%YAML:1.0
# General sensor definitions.
camera_id: right_cam

# Sensor extrinsics wrt. the body-frame.
T_BS:
  cols: 4
  rows: 4
  data: [0.010486169744957197, -0.9940873423040585, 0.10807588128224391, -0.029702271983652186,
        0.9972728488827708, 0.002500626397312078, -0.07376050263429253, 0.041641180069859347,
        0.07305412462908822, 0.10855460717295605, 0.9914025378907414, 0.033393889310081332,
        0.0, 0.0, 0.0, 1.0]

# Camera specific definitions.
rate_hz: 15
resolution: [672, 376]
camera_model: pinhole
intrinsics: [349.569635, 349.390781, 340.836585, 206.105440] #fu, fv, cu, cv
distortion_model: radial-tangential
distortion_coefficients: [-0.174606, 0.027855, -0.000108, -0.000141]
